1 90
2 25
3 73
3 7
3 58
3 100
4 86
4 65
5 77
5 23
5 30
6 58
6 54
6 38
6 91
7 73
7 77
7 52
8 37
9 40
9 63
10 34
10 53
11 20
11 31
12 90
12 15
13 40
13 59
14 83
15 62
16 67
16 32
16 72
18 62
19 71
19 44
19 61
19 34
20 44
20 32
20 29
22 57
22 80
22 48
22 70
22 59
25 48
25 51
25 30
28 92
28 82
29 67
30 34
30 80
31 76
31 68
31 57
31 58
32 97
32 48
32 40
32 42
32 37
33 82
34 45
35 36
36 45
37 50
37 99
38 52
39 59
39 54
40 85
42 80
44 55
44 57
45 84
47 59
47 93
47 72
48 67
49 69
49 59
52 59
52 69
54 62
56 76
60 80
61 62
61 97
63 74
64 78
65 68
66 74
66 78
66 86
69 79
70 98
73 100
73 92
73 90
80 89
87 98
94 100
