1 115
1 45
2 84
3 59
4 28
5 123
5 77
5 36
5 171
6 177
7 136
7 189
7 111
7 110
8 108
8 110
8 140
8 70
9 94
9 63
10 199
10 32
11 116
11 24
11 64
12 123
12 197
13 178
13 43
14 75
15 38
15 127
17 180
18 147
20 149
20 171
21 184
21 154
22 161
23 175
24 100
24 102
24 178
25 67
25 35
26 130
27 35
27 90
27 42
28 121
28 145
28 51
29 167
30 114
32 115
32 164
33 153
34 60
34 184
34 147
35 185
35 197
36 113
37 155
37 64
39 82
39 169
40 95
41 174
44 47
46 103
47 110
47 169
48 167
49 131
50 119
50 52
51 163
51 196
52 53
52 131
52 132
53 81
53 79
54 56
55 139
56 139
56 71
56 116
57 67
58 100
58 73
58 95
59 170
59 87
60 126
60 112
61 114
61 179
61 163
61 183
64 118
66 70
66 194
66 163
68 118
69 187
69 144
69 186
71 200
73 99
73 75
74 121
75 108
76 105
76 131
77 176
77 171
79 175
80 106
80 196
81 117
81 94
82 93
82 127
83 116
85 195
85 157
85 163
86 195
86 95
87 181
87 132
88 141
89 122
90 165
90 126
92 148
92 136
93 186
96 135
99 151
101 180
106 190
110 120
110 172
110 117
110 143
110 150
110 153
113 160
114 120
114 171
117 175
119 143
119 173
120 125
121 137
122 166
123 135
123 164
125 192
126 147
128 176
128 196
129 191
129 197
131 200
132 179
133 167
134 161
135 141
135 197
135 187
137 165
141 145
141 161
146 184
146 156
148 162
150 158
150 163
151 180
153 157
155 171
156 195
160 171
161 198
168 199
168 190
168 195
175 197
177 193
178 180
183 198
193 199
