1 12
1 73
1 90
2 25
3 6
3 7
3 31
3 58
3 73
3 94
3 100
4 65
4 66
4 86
5 7
5 23
5 25
5 30
5 77
6 31
6 38
6 39
6 54
6 58
6 91
7 38
7 52
7 73
7 77
8 32
8 37
9 13
9 32
9 40
9 63
10 19
10 30
10 34
10 53
11 20
11 31
12 15
12 73
12 90
13 22
13 32
13 39
13 40
13 47
13 49
13 52
13 59
14 83
15 18
15 54
15 61
15 62
16 20
16 29
16 32
16 47
16 48
16 67
16 72
18 54
18 61
18 62
19 20
19 30
19 34
19 44
19 61
19 71
20 29
20 32
20 44
22 25
22 30
22 31
22 32
22 39
22 42
22 44
22 47
22 48
22 49
22 52
22 57
22 59
22 60
22 70
22 80
25 30
25 32
25 48
25 51
28 33
28 73
28 82
28 92
29 48
29 67
30 34
30 42
30 60
30 80
31 44
31 56
31 57
31 58
31 65
31 68
31 76
32 37
32 40
32 42
32 48
32 61
32 97
33 82
34 36
34 45
35 36
36 45
37 50
37 99
38 52
39 47
39 49
39 52
39 54
39 59
40 85
42 60
42 80
44 55
44 57
45 84
47 49
47 52
47 59
47 72
47 93
48 67
49 52
49 59
49 69
52 59
52 69
54 61
54 62
56 76
60 80
61 62
61 97
63 66
63 74
64 66
64 78
65 68
66 74
66 78
66 86
69 79
70 87
70 98
73 90
73 92
73 94
73 100
80 89
87 98
94 100
