1 32
1 45
1 115
2 84
3 59
4 28
5 12
5 20
5 36
5 77
5 114
5 123
5 155
5 160
5 171
6 177
7 8
7 47
7 92
7 110
7 111
7 136
7 189
8 47
8 66
8 70
8 75
8 108
8 110
8 140
9 63
9 81
9 94
10 32
10 168
10 193
10 199
11 24
11 37
11 56
11 64
11 83
11 116
12 35
12 123
12 129
12 135
12 175
12 197
13 24
13 43
13 178
14 73
14 75
15 38
15 82
15 127
17 101
17 151
17 178
17 180
18 34
18 126
18 147
20 77
20 114
20 149
20 155
20 160
20 171
21 34
21 146
21 154
21 184
22 134
22 141
22 161
23 79
23 117
23 175
24 58
24 100
24 102
24 178
25 27
25 35
25 57
25 67
26 130
27 35
27 42
27 90
28 51
28 74
28 121
28 141
28 145
29 48
29 133
29 167
30 61
30 114
32 115
32 123
32 164
33 110
33 153
34 60
34 126
34 146
34 147
34 184
35 129
35 135
35 175
35 185
35 197
36 113
37 64
37 155
39 47
39 82
39 169
40 58
40 86
40 95
41 174
44 47
46 103
47 110
47 169
48 133
48 167
49 52
49 76
49 131
50 52
50 119
51 61
51 66
51 80
51 85
51 128
51 150
51 163
51 196
52 53
52 76
52 87
52 131
52 132
53 79
53 81
54 56
55 56
55 139
56 71
56 83
56 116
56 139
57 67
58 73
58 86
58 95
58 100
59 87
59 170
60 90
60 112
60 126
61 66
61 85
61 114
61 132
61 150
61 163
61 179
61 183
64 68
64 118
66 70
66 85
66 150
66 163
66 194
68 118
69 93
69 135
69 144
69 186
69 187
71 131
71 200
73 75
73 99
74 121
75 108
76 105
76 131
77 114
77 128
77 155
77 160
77 171
77 176
79 117
79 175
80 106
80 128
80 196
81 94
81 110
81 117
82 93
82 127
83 116
85 86
85 150
85 153
85 156
85 157
85 163
85 168
85 195
86 95
86 156
86 168
86 195
87 132
87 181
88 135
88 141
89 122
90 126
90 137
90 165
92 136
92 148
93 186
96 123
96 135
99 151
101 151
101 178
101 180
106 168
106 190
110 114
110 117
110 119
110 120
110 143
110 150
110 153
110 172
113 160
114 120
114 155
114 160
114 171
117 175
119 143
119 173
120 125
121 137
122 166
123 135
123 164
125 192
126 147
128 176
128 196
129 135
129 175
129 191
129 197
131 200
132 179
133 167
134 141
134 161
135 141
135 175
135 187
135 197
137 165
141 145
141 161
146 156
146 184
148 162
150 158
150 163
151 178
151 180
153 157
155 160
155 171
156 168
156 195
160 171
161 183
161 198
168 190
168 193
168 195
168 199
175 197
177 193
178 180
183 198
193 199
